100
71
952266011 947408084 552693623 233021613 488460366 488825202 187776219 57926555 931909342 916499897 579371512 878853237 459849271 75829373 689774763 318893978 360599880 506374541 435036626 294452681 894828314 464324521 393703746 675800165 294173990 703508281 883392489 247724767 553627301 912934896 881065104 673028599 400722919 969887711 245967556 787821655 538832529 878744878 443520927 579892742 480823950 454594985 867600921 157894119 428500498 823241890 790293343 642028341 433761442 875743220 267802408 70295046 177945080 308029490 502475472 180288994 843213243 952878237 260712986 118960532 113122734 277114686 152514302 38016601 449009471 506889827 395691950 550116118 28087607 175855112 286274867
86
925787688 156423784 641766948 127060859 689143830 188812252 444357281 678555763 979586439 521476324 441155231 987936384 420850345 993561991 746534820 894250475 743008972 688479377 494736309 742349487 303803097 134754275 124740974 502257794 142730373 481873635 184449384 197337248 393688311 295101546 12921341 96348356 269951395 583357265 164808197 597018449 229314475 146454952 244854885 57938630 587424035 686961792 347811457 669964023 932872299 979762374 155487569 804623437 478216469 953198182 261983576 411409527 786632738 945040988 190281291 865003023 837454346 323169810 905298718 712557054 434524477 941379329 876823669 317279367 22139016 941902425 720798345 742103508 374875231 906609281 364393271 499837859 86718746 25052810 667552553 735144800 919791306 942317233 70362326 65270917 642869389 104676816 912555496 917046197 423065304 490290681
16
695485063 703250823 459382600 206039819 733206996 587717017 728522717 363220125 929781953 733781870 932894521 947464566 412250807 786499572 508678005 322093704
67
900058632 731713187 717998453 302210596 851965645 103358924 851988763 126732151 441803214 520700314 497712899 410933088 683933288 354337187 106233436 934138948 847886696 831353408 583912320 238949560 365568890 818520434 992130143 409085897 62628981 461173420 947557089 562486769 329674120 451963293 63529387 335802787 345664795 76055716 438920221 820446079 426170710 172095462 464353498 687339039 71612790 175595457 697000628 325314910 916128150 406705597 393118536 37693941 116399736 971155313 608807905 381625877 17562420 2073998 67713507 674755855 130513567 535496073 614027360 641031056 393514721 507854439 642506929 631281666 423490351 349694749 377561961
66
196762371 388989877 121563203 448114138 783316966 77961842 137379862 438786235 127531449 582185052 501798272 484492128 696466390 853528057 277287172 869719830 270861868 65487108 239701431 180184991 596770375 29550971 618679015 102112815 487811385 47796678 425260672 150429120 496521271 698364804 619177951 598301427 564069053 73801444 53296380 721910790 673793392 691746665 849158408 407865669 392401784 888460649 436746372 12078572 407755510 211440490 547604536 553705024 550971781 183129343 748022673 549546322 750495026 871563951 355208874 81740576 582411811 79724561 7709499 784427037 408092811 319797798 27075817 6487703 337327565 252226067
62
474231865 437624208 418488043 388902958 875481338 800048965 958324006 218426768 450522798 689875234 511853512 775408309 38201140 179816828 351476678 587989508 228217721 667040903 936389041 310252185 941076684 942030432 787872115 387854196 775624480 766597506 151722183 38258901 188956210 386428136 564618128 235453757 408078294 145341771 649314134 803578585 683969999 772593307 943813744 445990560 865081699 129172358 92037058 848946147 216154591 436071578 150429568 447671935 503966062 341576068 822838387 655948002 718676026 928682869 565046017 492736514 275234700 562999361 454757554 276431323 404904937 190517760
74
14619556 271988600 316072814 229952684 933701957 402323781 917190991 236129592 65374692 225078703 729146821 463741537 689288358 308938204 56477572 855618959 642356295 903917887 811660764 960804095 145147611 670900797 943841269 609496748 955539240 800025020 124192009 675085045 757392233 615456734 471254033 631127449 197468995 60206833 577396595 347641864 747147226 328914646 710251627 699106237 425335813 884548240 256529230 587814344 377887325 70511571 695063807 535759406 375987203 834161683 559433697 240227850 751565189 17421896 911014860 729083015 479895357 968014653 542142705 762165159 540315941 291517076 795626411 24234119 308855935 147420648 728392062 377313397 294579541 838907828 181710798 337951190 33683502 721431553
13
633705769 256803611 130228848 477789274 730041417 752911926 30495923 134111623 89616725 775750418 87854154 607619835 199553595
89
499125142 404704861 376891225 125320130 314917493 557387218 763570578 782430925 893975573 534795228 122656127 211192767 902420682 407789542 231778351 50732307 768828340 830565736 652618328 156023093 24115591 962534613 992367785 142631627 386239875 885934155 622365644 670149722 981901757 153925201 428656312 265025586 17461275 808138546 366781960 592586473 579052285 25669276 984649039 411979459 678680066 580951413 53075832 887035918 855725972 737154502 914578020 57349840 816574653 70699300 308002910 905588027 935808001 337064692 870953324 691016983 849843546 943042644 350698234 104849889 361293397 613407290 691606173 130166310 951783825 248319761 549887086 838922018 562067071 690298515 991705576 235158139 935792057 502118612 306588284 697659787 636866987 828305646 134422417 517357986 613370123 751967171 745250830 717708155 288101340 768073035 655230650 450184515 450887856
57
115762020 430217476 676803225 269933277 723069453 217737836 73208884 687641361 694875866 636082939 853652916 136215465 953021317 582176542 811917111 472107905 672488294 57025311 288124014 206221528 495206226 189409115 537794018 599284231 514238170 572347277 258189735 894357545 326659915 156835196 31416467 72152060 170107148 858517351 822031942 56478188 510863691 805872288 383344179 994053352 397086419 280919994 186743374 192925005 274044944 44805319 693320443 501868404 493101681 225476682 510638923 348242750 296663446 706806100 482160845 815874757 595914850
52
228720390 540175182 148813412 793239560 635727960 621585959 107244816 438157897 498556657 143489350 554300259 734839690 726834124 228039864 900513640 750252130 604672526 709021292 684069989 820400594 163097307 969244872 311605936 742318964 272418675 642694325 28395935 720250794 949120460 943268186 475973432 511218070 857963453 122573807 713510282 777528370 532797792 289324765 335068086 355054785 624443638 613497385 783592635 355128615 596563695 428888709 89081940 690138138 586454164 64974984 138220304 927635871
12
348344801 337675427 844770733 893545924 564086508 37976704 409617929 159207574 303187796 586352620 107599759 247092656
23
549865319 715786489 621070359 195301226 337793914 878344952 285976546 869958604 431039258 494961093 848308270 702066327 131963665 401576269 572571917 423979130 233200782 443022448 692891843 960309419 402699381 91732786 586500386
39
641991027 527700497 805311614 216350519 273664626 279211405 693888111 583994743 978965443 72455085 103579733 547643634 958509635 354000007 161940239 138805678 95374576 795762610 855838191 749981104 725979197 900412663 203808508 675226504 246003267 2831530 85882502 887760084 65895027 524288409 818943581 928835226 866551130 570361089 487529891 140309202 632374903 560065366 691629315
77
764274865 815479553 362665408 284390766 399744815 808686853 58663032 194051266 379641093 707879406 831832561 795601173 632695218 772225156 250765086 649531049 918619201 270455463 410801045 670548467 633037702 856965758 542032844 29252510 357829439 682387904 464320319 189434672 935907571 688463350 934365775 216662800 504531324 173177984 871312166 965997125 8700038 950847190 835903017 637323301 614552356 310914077 328629288 219775838 226142835 585293945 703592414 795660643 132476255 384921105 910839166 764058050 699103450 683346665 864043707 955286406 361612985 545943462 423277861 384021165 344314861 204856901 392881332 479782986 895526520 388881623 344094104 414933833 289647185 61838135 180799609 110945649 954044691 43265223 931571043 789395641 429236927
88
591154831 363493529 677099055 680342646 255848338 425298944 955582072 497018024 97087473 384775455 580844144 256954877 773291082 490495909 601351450 159134090 130428585 363538609 38295357 762056756 167028782 896790310 174871195 10271659 829805224 981609644 755161718 128414372 102592883 213249750 589278682 783919852 23186872 135910306 327500797 206067469 209878739 959862326 619388043 833973313 889112364 762186114 360525023 656984063 883972329 281796576 746563896 569631674 293829377 750528151 389790715 952675570 958662567 714251653 837927264 788823425 558586525 829574723 968757246 594789595 103079884 337528046 172647797 674682039 407313060 674929657 214127133 28955189 763073746 973427164 459452647 564347436 724552107 446739269 67630889 562915721 601813607 197188914 771722415 354244817 691015699 589747022 19733233 335342098 793099736 899211757 34384074 320403206
69
592293135 106603808 885458782 860236309 379926438 143751933 730915482 257423930 572606870 643210420 747804392 846381793 371239809 126511739 139882061 858757990 267866852 718859540 360470372 721282602 899498336 972863688 453434393 652092067 970173086 485711589 517199577 976760833 614530201 687277194 268704661 78323125 450924171 197200503 340114017 239977489 27150544 337607150 48903632 645607314 406082086 431736053 474292642 394942155 317589411 873722076 684816722 466718403 652764338 145584778 447256578 735171388 632765012 74943245 360455612 529681174 170364448 414728002 594840762 497373416 18954646 206690838 643457254 392197812 879085851 625202130 392088816 203774109 797719292
26
574247999 283286317 871099199 450697256 178737970 214097337 807692949 703801378 638214996 680889673 393516044 645079754 690912703 919558728 731499693 651905222 818573202 918996258 69755713 775081929 218164998 297908461 915923427 321694445 892828449 472259620
25
597578837 378058990 61778489 715756641 236097150 629557638 153857140 231741118 333986021 969772942 653869900 464216509 721242841 111172303 221216056 578291174 595505885 862639541 883644137 958609264 923967266 263024597 587242371 100876748 464079852
50
521596165 459183222 956976397 600391038 991111655 55174079 255596019 970730124 198307210 251596043 797813304 635729045 153743148 12202953 659238970 581093693 384600947 596318990 789092665 269956662 683847637 441107078 606751771 645868041 147897785 646157689 585588076 125303769 78141751 308629590 510731905 922183277 82460819 361327915 167887094 370234587 272008493 704258937 687559175 846170415 653868575 586434903 29792892 328592930 748849133 593130302 612738956 737814917 603100718 246084299
40
544521672 498923575 170353651 334385916 223347939 190456544 730974101 988982813 938584743 59255533 845144072 506575013 270982806 743792497 980326053 448076975 436402906 313455155 224229361 986940734 389818260 817433091 36947118 390852066 133430840 221959649 596665238 371779462 995938597 16372332 628087822 863963039 24729435 479947503 420998326 654320306 366479651 982918358 214394504 695797180
96
896068931 301331641 660084902 939974471 353987139 9017493 732268356 177150573 132503654 1565128 35229406 267189881 415986333 923006258 271791059 597071515 378061847 943901541 905105694 246149321 836924103 859312649 223849586 223703694 360018286 300270324 543837125 199674721 871770888 251939994 858771089 323678292 487225583 890999939 333274437 197931050 104522076 776930770 798980826 659911240 302860912 29898859 658731174 840552138 211807989 755155320 415390463 884608218 43274568 329138606 506212525 269842039 336073533 963300432 677780139 750418292 137181794 543835781 487102006 217471739 471893368 852003368 673741089 238022182 494129841 101848745 36854593 175657731 725989394 703388422 699915712 422410845 754438525 202090539 534167840 23087476 27054260 409767391 879093492 939102767 601975401 187093704 731582940 880458342 258584735 919845416 380270224 468550354 668764980 541764217 394633316 113601158 407889075 563842466 573924994 446123087
65
48410336 356496075 722440041 859838415 593496285 758604723 167373762 455373928 793562747 908981429 146910613 232065660 687262232 58026880 114938457 859856335 618754266 504648663 212060761 9945667 931739649 382808003 386366637 103186479 848909748 419768263 969857706 18483853 254764267 491935469 230269094 963852443 107676211 229389095 440852229 634858517 291394863 451489858 75364755 319920065 533610588 768798582 134723270 347041451 620966632 636413252 226349749 818424394 938238449 245451439 899311035 586280725 485340948 214825308 986703134 90658900 866893971 423872075 744433938 426011317 136424133 67468825 533280824 807693589 641250514
70
708975239 863622400 818366575 141477756 753447991 51010017 232050008 327568835 692311117 653608120 38865793 466843791 959993734 78027252 426330177 286596654 202960786 267931843 403633603 254334999 73736447 88544709 735602644 298086352 619851983 323927277 621453209 588752489 610319151 731969535 776893996 432975553 244175820 933148422 617594911 854508165 200201623 727946659 656773062 903427434 778407775 666372552 683149077 226195826 607205665 291502504 58722028 889520628 662635828 818473860 134082478 307787396 664300600 497471137 492661457 305360446 166769860 443281758 283232475 741166585 54781066 693857936 822760520 134737638 596442376 802075449 472613031 996395744 70750968 478517109
88
246469349 122596029 344970953 579398769 671780290 569208378 629965385 127625491 482031272 124794761 23878568 173167670 575222692 230255221 119538648 302357238 841734749 562336335 709770243 617922283 941797647 59283564 845266511 631391603 836924178 199442069 112247555 700922749 249092236 188959634 946894856 650680946 447782788 134894081 332973141 41229200 321859252 272292145 91319945 369295469 164828025 6842605 194115736 220957817 950836006 407644541 470865853 2977160 874204384 797464701 111807742 161744904 120925723 471996904 869656537 273208872 681764059 66652247 56445864 780885836 301762496 729301173 925748285 565886277 595089579 507169940 284585410 270118903 667220438 320392377 536780177 42208544 779682904 849899288 744895596 569548760 549303691 484050859 765255366 13132403 772637246 846445095 814592083 787026185 696008316 267425004 278956489 523494321
37
293415824 411284430 276392833 907746120 235075784 477888902 460556910 451751868 209683600 56758099 340314214 391765267 606679491 147609297 257408011 638398247 363178360 291440988 946899576 563491453 362676415 204573704 740728552 813896617 603568876 188332351 720323861 348286917 520376 776308811 125151111 94473563 480175948 627238768 966104342 245387172 812476236
3
486080129 28609764 555733955
64
858028438 27818472 230941661 272486964 222314282 44697891 933215036 259233046 300754820 196927185 217158256 304935889 385237619 93835358 593584510 429938062 900432494 94208392 240193555 556006195 143728479 831919019 927618093 23113554 79837761 221343859 257110008 963126747 981945456 508753627 829242357 609715569 454061574 554436996 689762947 86203775 20985782 326602101 284178572 847681139 452548360 491964935 781902634 248277846 195541533 348397381 607037947 629110399 872987716 725108390 476209128 87409936 657178448 906901714 398534412 936643594 338551859 78005364 216748883 76269751 3716423 842486367 972529794 27449754
49
549202827 884022898 81642660 37830777 596643186 771200897 504341713 890081125 79098698 164215101 257454759 26569277 979531807 8255086 467085699 673651940 371175562 254395994 445403711 396858227 199222710 515884275 72520695 629382777 177592308 170458357 72759737 567865098 309741299 447155590 178644128 600144713 969547861 50759513 777996628 756803450 826035350 824462526 569006306 796914999 572094857 783622271 590294668 407857737 660020368 968031340 792629884 438832088 299278093
18
727429013 972820744 756077604 850192157 144849416 843543201 971638871 850706020 223110822 758133892 915858223 975162867 335119477 988219043 822043024 690642622 804969420 888587807
94
159624447 647977562 950386108 53570120 175537134 385817671 630052037 349137312 436920572 886136465 337551177 301998629 488519556 797472158 342712456 84435949 524028627 387893753 984418957 685071129 450297419 791804182 683757919 356620295 84064360 726417179 245902366 867629354 770393475 206025187 64349764 332509468 844551528 526488275 85286722 5811843 603368052 721096002 838956444 122569085 775084869 436367507 326208077 39152629 595483028 833851882 265228574 970398817 384916346 423923432 55420850 836531305 436279111 688072541 964529649 194750587 958344624 519770207 793727870 218162534 106508763 142362842 717138354 812622278 954347722 617639749 437290856 595403807 35295176 182990159 489438913 122151544 727973272 966845272 766640275 480505193 649231199 453062556 284427000 38605886 625242794 670945888 397806928 964709012 966463104 921411026 687290299 5638928 730373206 791493269 460536261 728190555 622098472 728967895
23
295957448 267532677 531836883 727135603 268257825 651646205 504523486 940355691 146632095 446506281 83062158 298949286 731221817 428744258 339899199 755057696 896516085 712938385 500680757 598755401 207377685 252170264 681940196
73
555281334 568170630 756864785 589777921 14617292 262499142 80990642 813334157 754734251 972853832 934505562 40766922 479418096 695189938 588454828 180234706 484466949 830197044 194184311 428674125 638950185 448827314 311439842 43150070 365560405 351951803 837393261 792765495 210133516 103580868 483933356 819912253 135086658 806208499 196665977 32033326 119980072 750963346 234678080 212448169 920019258 462142178 817495047 218775701 263029767 321881694 223086216 449372411 684324872 24165653 444485553 94836721 357077949 382362541 837411017 718264025 358390500 939365470 103484709 235282298 706463434 726827732 371894083 861189403 63228953 902953281 599642828 146242760 709432569 64238366 768680923 287100786 999895722
95
300296259 745400526 90791235 263652843 234428415 425834719 861772650 163436550 547742809 156703054 201620392 33786562 28786485 234102220 779964186 774440733 805314640 725015690 220394006 327576633 293547621 660434059 465846336 649267549 401406772 704892867 277164797 347066128 893616830 234935174 579541332 394062894 530059354 963178379 291959060 167582655 384711342 414251746 676829148 792644362 29716228 434047331 968920688 527554262 366348649 431229685 753352898 388165898 281327498 238408924 261748897 695827122 497522080 913743233 940704273 58363852 97314112 435047021 873547530 909185776 846593225 957880308 218325131 351031346 222742905 685261427 249950782 145699757 144528836 876986499 744269274 283515565 446661224 767685362 377670258 635973902 274016377 183210322 986979380 958169058 105921884 308713619 618976115 373216006 840720192 255945850 679830056 19312637 80834328 585787056 60715383 817734934 94863145 95872369 189301378
33
141239529 431254431 543506010 602311632 79589635 189241904 789844212 222508696 515714618 86438708 707776037 862055173 827472497 333309732 2381848 905090329 737714680 130970815 965059866 317129661 492913760 327236134 158647125 817580146 213363380 272586049 279966316 576177641 778949870 417250211 774942031 152531209 525341725
12
806883938 508475664 247095916 542750569 537114525 511757762 205415374 200999152 691474866 323083320 892989687 100359134
95
806747587 895381567 690787326 332437292 940709779 718868093 615922591 347660234 829592070 524720541 205349060 997586399 619041280 328708522 959724066 367358480 719780666 847341128 982237723 285263808 443213674 835689171 273631266 407411294 34975415 859766088 681306871 877917637 906309866 938348959 380357936 900121274 688933868 559804286 554719783 719478751 154276311 976778939 260072472 187786656 429337404 626669926 988779577 269179901 850520868 743684428 939503607 113210088 110582018 40336657 932583356 474007295 697947115 378274343 781164589 520387242 326210740 815353199 994791374 541931968 628595807 828111419 907932646 222566445 309173710 453667092 204100364 109941847 32013303 414659193 90046032 611881231 971099289 278603986 682937373 426901745 553706305 58904506 630517978 608316839 974706269 281746526 870547492 265982502 960776047 508101061 896373894 934252270 9387924 575743114 448652317 398827313 941719794 373881473 583035879
35
114503902 58733535 192419295 526805556 204344475 56433589 525713924 893058628 124125064 519206003 437654390 840374982 437471912 71284756 41410494 515244290 945594203 520400659 556137564 847108803 255924421 147867021 994947242 871799129 896563704 665476773 425459535 21572488 906625740 545936020 189777652 60368656 697769627 126063700 470097157
86
297930528 587520856 393280069 557472128 842128778 519953667 165381333 20618519 661408507 508912101 460555273 331166282 392398684 571462253 854312416 47001239 761667932 776943430 916093725 980471346 793471623 67019623 854913626 758491280 169479312 554168172 534432704 911421337 232399775 465713967 886472291 450878036 185291845 572665309 673950997 159464624 310233827 453896100 258527324 605561180 987384217 639982477 63406707 237141644 324364748 790005983 210526620 586294058 816014191 402249636 619373732 239958775 520699798 298281221 27457149 517928143 377410703 423293300 72305150 930874978 898400920 629515482 881017502 804275765 663727615 530181238 631594299 658063485 475212755 172266212 785217245 21324707 776599986 261903127 735951256 186310432 323889858 457012558 836872126 157160721 301467242 237781521 128380100 109058222 134273342 54571515
46
308834580 872031213 938869528 585242566 700339586 176223189 284363803 591267793 450788300 687668641 500012829 436566309 637644369 50426684 118389101 506741566 186560942 666364314 961167810 725309844 752103109 50503329 403580308 364325801 973437819 711592253 273658900 851440992 423365508 8154486 472316465 659777891 531188695 290753001 123051637 433961558 288421099 774558890 584380217 165194781 663377443 189573743 394980602 450792368 808705352 923682058
90
673810422 75287727 460838286 11752467 207085540 270603475 51626171 49024185 346602029 360238253 644153406 891503336 362684782 831412987 198688282 886579565 124633178 758892022 147562649 897858501 676675642 712735356 864361749 937855536 432010326 934422717 301117396 194479540 224257675 18282169 876147887 806356619 595049500 902142920 268282846 665140034 131238140 441800997 918229453 170867794 541438602 348183217 193051172 355941198 502290206 806392210 662108362 569134412 814304279 341408858 354544090 1019058 457431985 342588913 771817700 593414829 17125989 773436309 266779629 366768950 132094469 589222495 431252320 697646669 470621112 909161726 514330070 288222115 872800868 396791086 434716353 583177369 100995501 67681036 96437495 853334093 321632700 530595004 699009890 947245876 944388929 776212927 643292073 399937600 830459035 147036955 517008544 566432647 426844513 613621544
70
126644097 962966094 756512870 530379891 797385421 906962942 639044158 28712351 254188160 806982700 760334924 116557142 737381287 731001358 989362287 565591276 288902737 980681391 680448972 637877881 85264761 637279982 214154661 667145705 105715442 641170077 235260512 592786752 939777367 331309496 571016341 814818347 118687072 525677091 213471336 336834678 415398196 913446444 786500648 868656421 131483797 495601392 277030689 321321910 129405250 103123893 664221321 834597369 455214018 895728192 16329878 653893371 395562740 777687177 11496149 414665791 424764916 675105084 870953918 346111385 528581838 498081213 852841144 617395114 301081306 716112414 152720042 754305382 322174027 91808033
71
959261454 163331 417318419 44957760 415087474 230872211 157386798 866453909 88710980 434977609 223855112 137582482 783581139 255706620 56195725 52528009 219860638 541119811 966531409 426909913 513776634 715410364 362550267 426637107 932634489 398190947 475483094 458904313 397018334 281708678 102810339 963415399 696038681 59507343 100962147 864214320 147448533 352454606 454533980 236822346 432700955 112714660 830379987 15167916 101466603 285851912 413281790 107195894 181066044 99228512 630440755 193020988 468392559 744046061 821743028 190555995 6176285 416754432 479643538 82373627 427236155 220887419 170084902 513923192 509016722 453379564 291344041 832171128 33487386 454106848 944392483
81
86211143 929848424 650982848 391439375 39006168 245994796 43850205 683035926 606696407 895858335 334777571 322843125 231352826 560194396 737724433 617990923 706321446 507030303 28256855 151599095 640681606 276286404 256808864 823437233 606146697 35214023 346846922 113077210 18681681 694541060 825753165 474441708 745264947 480188015 954547179 899100448 221610563 675498601 902286763 380315567 130125708 163946007 502027859 50024575 150727398 977298608 709870152 640418377 403926205 628797285 97928728 903489367 963074151 620052989 604971925 572208027 935420371 348176078 623652865 456928106 979549195 175884036 787131122 42688845 965088781 517327320 61908495 827629002 538213016 847296480 296849125 590882121 171706056 379217340 505032558 564380262 485112075 574653691 23694836 773546601 832658101
55
293426633 592242564 514404997 430607305 713130655 686592724 438149969 234250356 403703802 426487972 608227512 868735549 650883333 224276848 37887778 800542760 201576160 215901518 483944810 116432257 501248080 970400958 899010313 671704630 387769740 136271237 289900247 521463990 83694740 492897869 575001560 57117914 769153806 684537379 848389292 600191186 366765205 54867838 740121542 531653511 874546712 994055090 699514784 722414772 164672071 552475089 498094358 523788548 365845890 448535949 181457676 943926460 793628583 252282655 291002125
50
12308867 647779341 100104313 408197954 340760967 799744920 695634412 222314745 346260445 953246634 692218893 127603205 347249145 820283802 811153068 814052760 38188877 507480118 239757381 427628573 608588075 232122660 720629609 768773776 999378107 866610840 808435929 460754455 949807811 82768663 955872378 705218442 811114607 48346154 142691475 114748569 180357290 727105285 246683605 620343193 742393568 932985415 265449466 285336515 194126407 201835347 555290608 987798901 832494501 610951007
4
329460426 265679397 863859018 461605874
51
445712722 367027547 880048859 418269087 155472861 394408758 267131666 918290033 729608699 428677600 840700368 566376808 731598313 595563778 218154688 246251654 682735113 283883722 109255999 791418288 670034727 549499184 848328945 119307780 343829304 621271230 95514091 486736186 220382248 485602320 185206673 310485404 119181507 531436469 741691587 288011474 383605337 969747666 966019509 292062485 432726384 544337321 444959846 804569840 725992711 167594450 441154458 671497120 74704920 420474689 172152648
55
939174805 502326194 498985910 146724822 469367668 152633891 421619128 188234380 939736572 970870827 145842775 378122130 177682033 747506648 842230566 670069232 925609314 525492384 350977634 449963661 265411378 184857530 497343165 531739609 134973522 408801984 133893649 918735676 981737041 829050510 275885419 733248663 63948346 101971404 155896421 743131998 190171817 703502010 994545777 240872429 721673472 676146499 365271332 27217685 390071958 521402444 941473064 779517676 479573795 551411161 301884794 56125892 189337603 365864225 833928174
80
821075581 902057885 474091406 445191363 594928718 406917203 451068862 925359609 806756961 276903141 481557637 663554140 399558136 790605323 796317578 314153417 780396464 678835832 839880933 860673309 869405872 421908292 264739838 557875544 247291003 535584983 318151549 818690640 236551529 368945651 393741867 365465282 238317914 94162622 453575166 583656068 781219976 178502695 176888574 711272342 446131327 179743931 826982454 213984029 978121041 624267438 438625244 514278354 626574850 597010622 57644117 166300016 333203615 533494895 887450989 675392190 384397002 523009121 321436583 620404787 610302803 727209225 641991602 2396518 952521997 169495873 714623111 225968918 373068361 867817467 846892043 702511534 613970784 859621308 512162954 731796095 857094545 637561858 712773989 22098318
9
576221401 674932297 952237011 861407214 400746576 5507785 542615282 856095988 112394004
88
214696129 954822672 598560748 749071722 994050037 910885501 562844544 62375955 243328455 901006942 841738547 933892601 752864837 639262422 780081904 180039980 415700199 618088013 445607214 568140527 765064332 344641649 316653043 775692665 13045692 676431432 877898543 879055223 828641345 803863492 450402622 431697449 414350006 687409111 413072144 657264836 530748115 135132146 321260544 821901394 416619016 169987062 58102689 406943768 499794040 155299918 881375880 497828513 880713162 195269290 929014568 446467643 881808418 285116780 858411883 371449942 948127916 418197640 101796057 999684725 404205134 572913056 761490771 713605295 318075936 288493603 38405394 296596693 381173042 60559061 23887754 200147832 36259956 634448750 181546984 269762278 550446965 533892032 784432736 801206986 394876956 995663026 545055784 626219948 611817570 706931831 680970125 888025580
34
903151945 979337322 236986417 215372002 334447439 396618315 663401749 227053290 134448101 526880261 390346075 827917852 289155258 15588896 109569265 924039233 427119653 617385738 904050014 259532191 354721734 137414232 651878232 81649790 687376532 649261219 905453607 146118840 447710096 349252892 217364908 633692617 92095591 638896663
48
692261449 80049326 487534681 619796127 432207642 633468802 386238800 858138084 925139940 715008448 628627441 189839512 499528448 856428701 819782594 668564290 220398687 572883909 89153011 795760344 609063244 78467785 227397400 279348895 772677445 197196143 995743221 450651074 907424657 83306106 646563612 7810157 170730480 758020308 930016911 593319781 419521576 58639423 466431583 496582679 240530301 201126078 638326552 443612080 701859146 699085552 268613834 433318790
37
11324348 753195113 157985221 548791011 180987198 497031789 950092920 318921902 372920849 64216020 157144144 285014199 568308384 988296173 201256656 894155855 293715780 975579735 40037228 91618380 492841906 636617419 38656161 29151189 61406991 615639654 120364516 805890891 607048815 308358583 722366683 513457371 907417500 430650931 52019651 394202399 695657317
71
331510208 333511780 419397368 340360117 619448832 468377680 57067155 51180124 565870733 165712077 803040425 781071372 825283722 908387534 916063209 642799604 473428218 331945263 204888997 151988425 301800870 916547218 54893259 794400181 280279421 25307475 42346781 667264230 515213146 822225978 689942686 498076435 696726046 505895716 715045307 289989418 224580929 496806327 33150576 140191844 7987409 379218873 16046118 623950360 783941934 783358754 598193184 926356121 979341098 444917424 239852070 203885917 514034181 961786783 963498601 188557512 720550479 551070119 693021425 442185442 379941827 317213309 121469818 897408627 331699174 530556462 238134104 358412416 400211957 713752984 127023226
87
880000803 430233790 166280958 745151399 439160643 539878486 78726543 129683164 423391521 156664009 863088103 196223575 371028856 601986750 632564892 765319225 572856322 718013762 340032267 491997313 807247604 664971242 557276915 38622083 193111918 947654237 911823310 120487864 505869092 454196577 341091598 715665991 169200374 257887777 882958496 530111313 296461392 374965532 308442797 415070576 850172520 204945135 594710618 920945669 290977711 379360373 259924676 756494894 301972017 273580976 446478016 962519934 155199957 88413749 802961709 549714411 169760463 511680157 811876215 185553473 591770342 148772601 182900770 7931786 312785865 214374595 498492242 250280005 840370501 736650999 388771505 786145470 444614507 201111823 999650019 545846500 742470191 150577730 449770615 174539035 728627893 932433605 487978467 936517738 310908977 458534119 30927446
59
794849230 514771519 22104385 582731207 761994841 837639984 829308380 77041494 308836295 189908155 57754232 225932270 343415465 412413997 114933954 670492957 227543451 214757738 236440290 88606866 14369231 868023575 967629438 96461908 916686754 77355082 388332260 672990395 781132178 504215726 703223220 232164054 37556797 495145858 294891860 119988464 922356630 841066401 565334236 453988378 505289408 776627600 166043613 777015243 895826142 622036191 734666837 148229877 755974753 167638250 488362395 522658834 992383605 783039387 200128255 463478231 109260153 995746273 651886338
42
730656939 10516368 936877507 845398205 724688895 496377813 658045906 904313403 739782583 340898049 387647546 898750807 298822098 250567742 93895059 875313095 159054667 677989567 661857818 948087481 360353269 215106474 59887526 240362014 179833530 933343777 16598241 670597399 383762259 733680089 664992482 875175521 216126028 264747614 770190969 574521084 338856110 144817775 434794286 319395016 130545143 312041990
71
896015024 137813487 550445320 567046959 350112467 340486026 851672845 103725152 264732449 331241662 475686547 387554095 607929280 396162514 621838641 34879414 318751300 616740657 480050503 305332640 18455233 412360692 5833036 498495017 562611793 743962660 495547769 829017351 138630335 591737061 802614242 568903078 988770071 638863836 644908738 765311545 699309644 132995040 314496691 301275295 961101838 664704971 66946256 967161912 495605834 185209265 732916374 364343328 77443903 953102896 344925430 349917043 696076984 153446099 860425937 143877779 554973678 240134761 554589908 23178669 381121102 753177557 722134419 918037366 455707568 193058630 30034076 417406975 964160531 856970826 977398787
12
913022340 319606221 678295829 339542080 836825105 7567973 17034335 161717723 874991913 224801454 284165912 63488046
14
987249641 728203926 924582369 709247866 419304145 51283577 480724717 512768234 758729804 434089351 679329073 594526989 314613844 383314637
64
189614834 445776853 932044763 413252089 454448261 279669732 669996983 232965162 35020761 448369370 747122174 827658691 902278028 607507820 122397958 456059621 348867088 573051912 273916773 627068939 497182468 859367904 950921887 362356895 682664715 52551087 256412642 886807211 592941706 623192748 119708670 747933062 861757544 372614909 227144529 360389076 83541845 620485687 967837273 22093305 851564316 534590377 383982076 462764917 638849335 62640571 352509314 855019407 229772336 109523420 65267782 277491569 475134510 476936348 203674515 661449509 611982939 319176622 344459754 955406522 127369875 922991733 880970151 955177444
88
678571522 606409051 950468395 954359068 198931451 150971817 152395842 695723475 405675753 508338341 696483534 509668140 736884547 898902087 211262395 368505440 494551642 253681864 500178223 673357197 533071566 511670850 837302331 643853502 260771612 60382634 601854828 572375458 954974642 760545587 627019804 572257488 716045389 818555273 110509582 948103555 324931355 971207742 542247166 961652561 733875542 272382964 504988332 738648509 997435601 442154804 680870184 20572120 574217633 182062966 515396453 695683416 577583108 225006878 930135665 375108446 775847573 193711827 572266300 853816372 828234158 896546945 987378554 609084248 956398925 702436260 548146726 680662336 483291830 555050345 931721493 807447924 736775119 742356242 192764699 844778127 71908055 450975128 601681709 392625820 23523062 937303650 457818119 900931083 584624346 123387120 383448138 805053310
28
97802072 762764662 841079110 227746575 682182843 6708932 380226562 666563410 97904347 692476409 866231913 6728086 786080166 316486909 937896277 963582102 23533249 44647878 964280653 491390007 574637234 786787237 110212975 926528249 333480776 268039404 244452662 385124065
65
843426154 982494831 899466676 465236940 438818665 310726835 987418025 25297515 843521735 962726736 367485274 245310583 318435236 877080362 792192016 875517120 52461781 812740496 830421102 209185659 781621334 163892958 147361710 656114987 919573216 509372726 155908864 785376526 705139756 455474677 482346945 46482998 443820596 698842835 382460115 291851758 351820538 157002531 37941462 59530482 784313358 997433809 544508639 218775812 480473350 928054324 111975121 330514002 24034434 361491159 342407848 213445951 278423145 36560369 981790725 113748934 678978466 128309163 999588204 373933239 327626753 328750620 740836158 477564186 270804673
81
883743963 159431140 121551243 960584357 492953716 973022932 13931164 225304017 199923159 743827287 488968927 89011057 618518027 427726955 576350899 871653207 186780882 726169389 56570295 540108774 976897544 184196183 883768960 614998817 939083897 178974993 14961604 883490566 895208829 669318760 327900510 405461613 583512495 371467862 676734668 289834757 526515937 469695494 458143841 151806819 106897861 540685507 867607980 563886105 303083281 829129342 422603164 467000929 410688507 371999831 269239596 120481141 765290050 269434208 128732201 631745784 433667456 430161946 995238953 808284299 121245277 391224292 757577139 962116742 92057715 457198416 330807927 761238501 529094929 237592317 587754533 43670092 429441752 847023765 415941198 604043466 505299590 361254436 922953766 328423671 357240809
13
673456718 553944356 218256420 311969594 372341836 68732707 750203563 357286556 385130102 31459633 824364256 61075420 199102105
21
837347495 384067503 123846023 787490264 255635260 939162248 924726440 52721017 794419717 385436628 766977678 83625657 64297904 254072370 650784554 152873694 169944964 9776117 921397080 811259141 527180255
32
450978942 567854837 931387977 9833926 863149205 804248206 317625739 793894942 644019782 862592498 15122852 352084293 440397429 542749370 682159307 867302701 710702377 625662665 455876334 741563880 378429374 430215601 795408448 952540710 511681087 150639211 407726665 539655754 744311096 101369790 720106647 71319943
99
929267134 749218081 171137198 745372384 639360622 255781402 725561954 385303144 729283903 981771124 593615072 66478344 912876781 849810409 790360051 877827884 732370149 279803787 243724017 22708459 205180798 719796346 40838880 49423231 261504987 195739387 734751940 396778108 434857581 703992065 969688089 391084321 953316315 760293627 161308569 594204563 989137661 141235195 998729625 111382459 888489550 721300583 990591130 533306978 109362437 339884124 820518789 286108902 910175515 70883278 410078835 35170181 509093665 422413011 229681749 961718065 470586560 312353204 652199913 438602730 719657435 444141217 673748254 199168810 897814202 218937995 787480280 83272711 396715788 630126203 194203741 465278854 63039386 3766120 786250422 513063916 345393958 562976079 790170121 28511879 346630115 838640877 155265281 187049713 94301436 201985006 45961785 532181477 630672562 800805980 553355191 723310027 449386400 113780036 492429478 548613696 182997110 862041775 965874533
92
796955195 808499547 527472685 330650973 72133908 865317113 701812572 253042822 482592428 482425209 567250229 69455608 595675961 477075436 887081053 489540548 453761019 390395181 518825185 168336835 555210329 77969686 996180454 684148879 256485808 304172085 768602951 402727474 200436370 191014498 442895592 286354890 134742233 246118325 151798050 225583850 257321840 289509739 122635403 117577153 45668532 653842876 782006374 383922562 78493485 612323489 72137855 504203557 895724291 738797460 279305614 859780848 446880738 346816029 496305754 50091300 297755094 444050616 234369586 32844139 39527429 501649048 976894188 382159481 231678639 560564300 743601648 403421928 185233684 584013514 41472245 867212321 552946573 659223656 265084788 629900229 975495707 332703345 704738551 35787249 665292150 462350232 76805063 688561114 425895353 911055606 869093969 438734725 118128205 61791460 316692976 791357600
91
327449683 158445657 535361852 453753441 938845190 284320857 728637312 997380631 328276848 962305741 50723064 896485050 542791839 863504998 818186856 670935499 771022791 78293394 389730653 857373253 671661895 443401887 754574818 850496923 329681091 197593240 841004129 568965751 548034425 295188864 43606757 166499919 499614494 633906603 667303154 424338649 727730521 277198325 757621304 883462073 253069141 309208044 958690736 156334912 81231637 960050363 175966857 632916535 887433420 377404324 442460245 252948210 932104253 315211427 217017784 391323164 376670944 260713015 397751958 715690006 973067723 18980322 449186884 454401807 891080795 379048185 548843527 199708794 884586461 90932861 270934768 707428990 871021608 368521546 328191264 380782603 184861153 530188519 773613829 671636399 696441232 318515574 675814475 290527169 629060988 607531147 913903457 663338205 96007141 682755396 13680161
57
116374462 111037441 77706598 499496447 991781499 377378854 382430709 740019609 162846064 697936098 506558636 228954292 704955644 606115757 234610151 227792877 967017023 33885503 106800356 154036604 667779130 261327715 193368244 354351583 509932184 695512171 282133661 558159929 492675346 164884030 655049102 856166866 576971396 254101846 830433646 281311020 169091039 29880877 437255309 30726242 471992973 116979816 661766430 245383571 290963508 56126302 30330919 164392470 390175384 934714326 242192252 432519596 486500611 906295246 997644559 57595811 478850829
31
77355741 879786118 581867577 756153169 240014640 429616607 743364931 504804904 545590738 452267110 216124156 503813554 222427387 705975700 920938187 746807381 980096653 903349454 763894703 577809004 206901498 592210834 574484505 297774904 263822005 886440557 3919294 650881118 24217470 934590400 115336543
11
624319239 128650181 899075417 975737143 385373450 264407087 56377643 482013041 196250170 626527835 38979855
79
772335957 498009633 212696225 917256683 393430449 218936730 67924416 965490561 545163913 494654472 668935209 178936822 943084784 859133250 174147666 707497213 482605785 706584719 888419643 997944121 989004437 105736390 391848076 120566185 449432107 14456707 892781147 896007953 516647119 955735464 891333483 112853492 553498951 990691373 440539558 318710700 208264954 287724995 210215123 662319394 448300659 125214516 898969901 275017337 465968428 314806860 788571414 554430978 640522137 894514687 961497421 246498190 675203162 934405495 451661204 328671870 741230477 589763265 245398010 536287961 640415640 569361059 434175519 216558649 862849435 673739087 387759556 55003062 726282858 281895350 387933694 658745398 178557429 437609193 252526855 429605068 642920126 68410123 46245361
6
530453064 96834283 27167256 259662408 133007335 148102042
73
727840967 499693655 904970108 944679165 864649006 895890104 941194245 985732558 351265419 842905115 463905555 99142738 825226785 795365764 54473420 560067771 880065309 912014730 245499498 327894638 542728802 885656601 951220812 78326187 466962673 426626840 966582033 438722466 964043289 170008113 374798452 219356093 905726349 545576641 174098529 810572603 870089554 475991396 581951053 180108641 709833488 493772322 30385149 645829375 192544008 143971765 713912909 93544112 957544564 702244149 906326923 116635388 876279574 558377888 379879952 537252396 566559131 753489365 488606409 958036627 533075032 202658212 323920898 779739799 461774163 86213334 969738621 697328831 79153112 721369870 351656496 168650376 269172284
87
185071650 754202305 113322061 533451561 395945999 165853404 432348835 554144851 225694285 705474410 63967174 684709582 544805316 787570096 6627985 159431762 472568404 317337818 202266640 729088008 492473966 487000595 228510026 776310726 895348931 706759308 202899827 625668821 199788901 533731847 836230957 405749219 291306553 106813757 629513947 424072022 790544463 809545094 448544819 276501411 982911636 302785806 998300298 448112933 800419115 372403779 930887259 571815117 91657390 204721080 238783278 775339125 520723665 830844926 99092354 336052621 181585079 214571608 436905557 406849955 897013345 499045145 766160926 898068766 680398771 84854949 364437226 437490005 213404249 408557260 323890499 411593153 216333210 285644185 903939455 281515505 824973403 999719157 303736490 984664171 239696995 348232947 168331170 775890332 636117663 948884454 711354711
47
981130830 360010288 227225463 599992644 22971709 425087792 457025533 479863601 360844065 404436538 159389652 7074729 378400074 166954756 496247824 919111261 253683355 41328777 149236626 416846874 250931643 635230354 243405427 814479300 466964412 793545317 471050826 537454439 919372012 275940579 465906943 774995989 307250209 802308693 138227136 479830421 226977162 414631912 779577125 834856825 684706117 65520049 715063373 190553546 532980814 839849230 669370072
3
59990461 906315033 556951729
69
769298257 43432863 128893439 958755382 512866915 292908246 132934497 568097368 858985440 96411568 908178964 236354103 65022075 233614327 657853454 329198095 599896611 627674674 225340455 116073906 875237273 680510999 467259719 389096075 301051172 789683112 331450160 641939547 757069430 289464425 190517237 336458497 854622901 562638296 266762163 598428088 610121041 262057598 387821803 819111387 793825387 766062932 687179807 159848442 876497139 652233146 753477408 462296066 193125713 771601670 631186861 454641558 388755933 451979636 175340466 547245833 217666641 603768229 733231633 748607388 157352486 629146803 922078093 358360680 664688012 397390417 286959383 170172080 87120052
39
311652112 204549309 539761696 721641864 625573828 794398191 588838228 866096241 965504980 261674268 459069398 395679922 519938963 821121793 69312758 156891789 135356606 402435565 215024182 141885149 981282801 389485585 951080470 558286592 742301717 284679474 670918471 437576990 851381393 886660379 373590249 919099606 183063249 765099078 257473410 28101284 435791238 177835477 913536006
16
934738475 68063194 609614458 456342276 683843476 968365098 854791882 114989891 937329980 980253888 336910175 546125868 353384826 118409513 381233634 918140601
61
477987652 321895786 750300502 956431862 720290569 530872539 878946076 765604351 934243453 791096024 587475119 824768620 94445325 992806642 544605660 667026366 93972657 576304064 939006062 395205410 101696024 272478370 644191926 949258964 622919419 949009316 964495461 49706476 546036608 582285427 899197283 420791036 130749140 35351926 287673010 875998278 122678037 708724592 888590468 847119454 608276728 963171998 860145286 541488077 233912527 246100623 152342882 84265759 243217229 62090199 478819464 215822638 54690207 993671167 378701950 592957879 497386083 290621194 991391468 696680093 96020109
49
276731671 797206213 990100487 79259804 948644494 952720942 500724614 755797592 720260435 556764389 303386157 580504063 133430149 928061596 880858807 148317893 970014678 335279850 902950287 50769965 55949462 793129931 427358541 994830281 786728587 442112902 271267600 267278601 353510448 335667480 502755436 534389289 206585137 221760417 255536261 210792219 411257295 105932804 126515724 803562326 161486266 212395086 985626295 176116146 507665656 77807073 980391705 245167882 815535112
10
938509139 746791850 930935667 67382606 122493537 559312497 367826748 796557851 513324461 522551794
27
401710668 387560102 787627132 312703837 672868483 110634483 831480524 513908208 908770822 893484557 288547369 383441239 203965596 126132434 882879393 503214875 508355639 29634070 411397816 839404619 947804613 376466108 677595150 953415554 572990816 779941914 325962295
87
718454394 957894203 961183495 708471981 3510057 823538004 538073135 101005805 431134789 571497518 482449762 591711990 342131932 997339776 774492228 4656879 911448553 52248901 192029790 437180954 986789575 221568382 18072537 889546981 363158543 252726055 777466960 562268100 234262425 603873390 685871794 25844736 92197390 442173859 65003701 699282451 717359667 461779307 62961347 366544309 303229693 815706440 458468202 417384408 53620638 279814975 614999966 846847535 655883344 342313015 632637421 470461374 40602587 978658478 643823752 222166538 189547699 666545827 745273496 690748388 837418272 570381798 880853889 709422413 945828324 58914560 859308056 535531358 53206514 498094185 654431136 454869432 202961104 260681829 375713519 223346689 936263381 977852684 312715264 327262560 147820304 338001743 702439183 810341319 619953590 663028580 198417528
33
538646893 272544295 285834959 764026182 910418411 799783943 84557527 597519842 524630453 623187810 335136122 166997566 436220178 412101314 633246690 235816048 7729348 771300855 952194075 81061973 260511952 780789025 316123753 957424878 372444403 80461193 226939241 256888676 577199834 343551580 762672280 117736254 142993450
27
180678365 824848817 680243070 807854475 749005638 126546371 284387566 956889322 907916280 795417747 852343578 407582722 786232160 600994846 19435838 417941726 715369547 851359639 689450373 356029320 404038565 260531427 649323108 17156382 744391387 715297873 592292475
62
117479654 849156934 119889202 89983430 300913938 870452497 422380950 274257231 841990776 612563139 581579809 914662758 120449210 925398854 696808919 437070889 1096632 289716675 929535098 67436280 301334315 801927067 283926509 111338082 964655077 869033022 185319555 244432756 705408612 987818870 825652545 220837901 958678214 499524854 233620465 421020573 472311586 492613483 289329114 425075497 554017828 843780947 46620482 672443660 308429821 220245974 468096397 807832626 516569852 182139768 864586372 705608672 65730153 82118699 817330374 558762509 355006060 458961424 866130967 984200956 240749526 424362955
91
385100079 172381084 712934678 130737871 953555226 764938013 524106436 758578070 30518042 501178114 301499014 851502243 722411920 216872628 339654470 303267022 375448699 927013695 313114122 278458653 182875557 57561678 369951914 187136372 433724759 168196217 650481590 664159640 196991627 176222863 228740757 552658010 188378692 71755375 615817913 190473138 814083005 535389289 498045770 71372529 231750692 78388203 731785114 954729519 588305804 180317776 626652551 575536977 89438650 930396827 470720627 807807318 716135098 636765932 193383960 19236199 700663272 513615191 530501977 470907362 744452341 718246408 112462454 434208983 916592732 659539836 524299774 552317104 378671022 946654774 270395893 128236643 873473810 657629098 386476802 736397068 693285708 532724338 673434797 892892399 80774059 155437422 533074530 597159488 646361645 881176913 161505543 201695729 508201814 429473037 156051965
10
847618198 761822413 976520394 71193287 854457946 778218625 172339026 652629278 976677248 291372631
42
943906148 5105339 914343885 553575193 579898409 148618757 442837264 54871904 331990887 631865881 636209389 76186453 389253137 571423783 582454484 923369995 280195233 747351161 634880130 564175536 146657733 207406017 830383078 847296311 253160682 729600564 466484848 925330981 105021247 956942134 501140011 135050057 677338002 291495455 220194412 37356277 7337922 362071905 867326920 51767176 134041556 948529763
82
112892214 388191776 714416190 964986160 299813964 584476695 334504248 296231301 957115689 806385617 507683027 445675704 142547789 92297461 21271896 599157404 366158280 67728494 212802345 556969081 941629838 176428131 478006010 943912692 608225208 967275985 229288176 547593425 516698918 746755186 464810989 864171894 844433786 541042833 449924509 158758463 604654272 189782948 749989113 118060769 648064940 86816611 998754068 582818630 617569755 917602853 690186431 793996926 225413982 366535528 884680910 602044616 591510592 608324834 662327419 650663832 909421384 277735642 358232752 27147454 455037505 503282421 55101189 179816157 85963381 735797867 163429157 760732316 106928194 52285897 834834798 726991900 568408385 891749929 519769226 396903062 479075890 351356256 230585521 275104164 221867314 653216227
75
940712056 751225249 557224775 520925591 274689582 95907239 184871905 115960785 193211218 685317991 186763279 993065371 520839536 215676913 782664747 232048015 812413017 909544988 138135143 877652434 354231089 603922454 772443778 47729007 798743165 816018171 37238480 252575880 431912906 15655573 471398170 184616625 81376905 41225961 900553128 531541539 23387299 626267904 604415214 923607151 427379976 725718355 131561101 293420116 233137968 537558442 60374272 665410632 940319582 647265765 411097133 413968562 593957107 549267337 626265262 815779535 387173014 460624477 810271641 874417302 695288036 822832925 524599567 327544334 464843459 524943168 268991189 702336669 593413487 235533951 551783061 659292771 884864717 396632010 59626843
51
95530245 971852200 734041691 245259913 844411983 474813289 387681180 908518082 684145384 211102622 472596166 643917040 537886559 225526098 548435396 917154116 225686746 69067397 914519494 966585516 665957396 409638906 11943943 853757713 328413052 377875746 984432461 292974919 188047550 498430543 717523771 635216096 843932015 781416237 10815288 116367543 148049999 766171316 710463038 160480372 134480310 471014011 975072960 965960606 648361911 243898265 479810090 505108282 296160241 112681731 374540667
65
8682105 36059337 155553148 624799063 725806475 800407938 155288267 99968790 975866625 955522869 288406108 783979178 148071345 932097052 553460497 936605891 53028330 598047802 900262620 249811669 987571229 608008657 890169295 127126293 369113707 218514712 613896674 938802894 935910496 282720357 714245908 839237184 50405693 61661616 776131949 909386892 782448611 724568156 367572076 373085772 552010084 94841946 969617196 977592571 853067100 919343743 837927951 29744060 638308141 948575355 562647470 106032175 655105315 114206909 708716680 214213769 566501875 251109148 989692319 791559455 826485391 569693564 889329265 505255223 319469819
